L 309 665 344 708 0
o 347 665 372 700 0
r 374 665 398 699 0
e 399 665 422 700 0
m 424 664 471 700 0
I 491 665 510 709 0
p 512 644 542 700 0
s 545 665 565 700 0
u 567 665 600 700 0
m 602 664 649 700 0
" 170 608 176 621 0
N 170 611 185 621 0
e 176 608 191 621 0
q 184 608 200 619 0
u 191 608 206 621 0
e 201 611 217 619 0
p 220 608 229 619 0
o 220 608 237 619 0
r 228 608 244 619 0
r 237 611 250 619 0
o 249 611 257 619 0
q 261 608 269 619 0
u 263 608 274 619 0
i 270 611 278 619 0
s 278 611 288 619 0
q 289 608 297 619 0
u 291 608 306 619 0
a 297 611 313 619 0
m 313 611 326 619 0
e 330 611 336 620 0
s 330 611 344 619 0
t 345 611 350 620 0
q 353 608 361 619 0
u 356 608 366 619 0
i 362 611 374 619 0
d 378 611 387 622 0
o 381 611 391 622 0
l 386 611 399 622 0
o 398 611 406 619 0
r 401 611 411 622 0
e 406 611 420 619 0
m 420 611 433 619 0
i 436 611 440 619 0
p 439 608 448 619 0
s 443 608 459 619 0
u 448 611 464 619 0
m 464 611 477 619 0
q 481 608 489 619 0
u 483 608 494 619 0
i 489 611 497 619 0
a 498 611 509 619 0
d 513 611 519 622 0
o 513 611 522 622 0
l 521 611 529 619 0
o 529 611 534 622 0
r 533 611 548 619 0
s 546 601 556 631 0
i 550 611 561 619 0
t 562 611 566 620 0
a 569 611 577 619 0
m 577 611 590 619 0
e 581 601 596 631 0
t 591 611 598 619 0
, 599 609 605 620 0
c 611 611 617 619 0
o 617 611 625 619 0
n 621 609 631 620 0
s 626 611 634 619 0
e 634 611 641 619 0
c 641 611 656 619 0
t 648 609 659 620 0
e 656 611 661 620 0
t 661 611 668 619 0
u 669 611 674 620 0
r 674 611 682 619 0
, 682 609 690 619 0
a 695 611 702 619 0
d 698 608 709 622 0
i 703 611 712 622 0
p 711 611 715 619 0
i 714 608 723 619 0
s 723 611 734 619 0
c 728 608 739 622 0
i 734 611 744 619 0
v 748 611 754 622 0
e 748 611 762 619 0
l 756 611 766 622 0
i 762 611 766 622 0
t 766 611 769 619 0
. 770 611 780 620 0
“ 187 591 191 601 0
T 187 591 198 600 0
h 193 591 203 601 0
e 199 591 212 601 0
r 205 591 216 601 0
e 213 591 224 598 0
i 227 591 229 598 0
s 230 591 236 598 0
n 240 591 246 598 0
o 239 591 253 598 0
o 257 591 263 598 0
n 258 591 268 598 0
e 257 591 278 598 0
w 281 591 288 601 0
h 281 591 290 598 0
o 291 591 305 601 0
l 308 591 310 601 0
o 308 591 318 601 0
v 313 591 323 601 0
e 311 591 336 598 0
s 323 591 333 601 0
p 340 588 346 598 0
a 340 588 353 598 0
i 345 588 356 598 0
n 354 591 364 598 0
i 368 589 371 601 0
t 368 589 376 601 0
s 368 591 387 599 0
e 375 589 386 601 0
l 388 591 389 601 0
f 388 589 393 601 0
, 390 589 397 601 0
w 400 591 411 601 0
h 400 591 416 601 0
o 417 591 424 598 0
s 427 591 433 601 0
e 428 591 438 601 0
e 427 591 446 598 0
k 440 591 451 601 0
s 447 591 458 601 0
a 462 591 466 601 0
f 462 591 471 601 0
t 462 591 483 601 0
e 473 591 478 601 0
r 484 591 488 598 0
i 492 591 496 599 0
t 492 591 499 599 0
a 502 591 508 598 0
n 509 591 515 598 0
d 516 591 523 601 0
w 526 591 533 599 0
a 526 591 536 598 0
n 536 591 542 598 0
t 543 591 553 599 0
s 543 591 559 599 0
t 563 591 568 599 0
o 563 591 574 599 0
h 578 591 583 601 0
a 578 591 584 601 0
v 585 591 596 601 0
e 585 591 604 598 0
i 608 589 611 599 0
t 608 589 613 599 0
, 608 589 617 599 0
s 621 591 626 598 0
i 623 588 628 601 0
m 627 591 629 598 0
p 630 591 640 598 0
l 641 588 650 601 0
y 651 588 657 598 0
b 661 591 668 601 0
e 663 591 673 601 0
c 661 591 686 601 0
a 675 591 686 601 0
u 680 591 691 601 0
s 687 591 693 598 0
e 694 591 706 598 0
i 710 591 713 599 0
t 710 591 717 599 0
i 718 591 723 599 0
s 721 591 729 598 0
p 732 588 738 600 0
a 732 588 745 598 0
i 746 591 748 598 0
n 748 588 753 600 0
. 749 591 756 598 0
" 766 597 770 600 0
~ 786 613 796 625 0
L 28 542 34 552 0
o 28 542 43 552 0
r 33 542 49 552 0
e 44 542 56 550 0
m 57 542 69 550 0
i 74 542 76 552 0
p 78 538 85 550 0
s 86 542 92 550 0
u 93 542 100 550 0
m 102 542 113 550 0
d 118 542 124 553 0
o 118 542 125 553 0
l 126 542 134 550 0
o 135 542 137 553 0
r 138 542 152 550 0
s 156 542 162 552 0
i 156 542 162 550 0
t 163 542 171 552 0
a 175 542 182 550 0
m 178 540 194 552 0
e 184 542 195 550 0
t 196 540 211 552 0
, 202 540 211 552 0
c 216 542 222 550 0
o 219 542 230 552 0
n 223 542 239 550 0
s 234 542 244 552 0
e 240 542 246 550 0
c 247 542 254 550 0
t 255 542 266 552 0
e 260 542 271 552 0
t 266 542 274 550 0
u 274 542 287 552 0
r 288 542 293 550 0
a 297 542 304 550 0
d 299 538 310 553 0
i 305 542 313 553 0
p 314 542 316 552 0
i 318 538 325 550 0
s 326 542 328 552 0
c 329 542 335 550 0
i 336 542 342 550 0
n 343 542 345 552 0
g 347 538 362 550 0
e 366 542 370 553 0
l 366 542 373 550 0
i 375 542 380 553 0
t 379 542 385 553 0
. 381 542 389 552 0
P 394 542 401 552 0
r 396 542 406 552 0
o 403 542 416 550 0
i 416 542 419 552 0
n 420 542 427 550 0
s 432 540 438 553 0
o 432 542 438 550 0
d 439 542 455 553 0
a 449 540 459 553 0
l 456 542 463 550 0
e 464 542 466 553 0
s 467 542 474 550 0
, 475 540 484 550 0
u 489 542 497 550 0
r 498 542 503 550 0
n 504 542 511 550 0
a 512 542 519 550 0
e 524 538 534 552 0
g 524 538 539 550 0
e 533 538 549 552 0
t 539 542 552 552 0
c 556 542 562 550 0
o 562 542 570 550 0
m 571 542 583 550 0
m 584 542 596 550 0
o 587 542 602 553 0
d 597 542 604 550 0
o 605 542 621 553 0
d 626 540 631 553 0
i 626 542 633 553 0
c 635 542 637 552 0
t 640 540 650 553 0
u 638 542 657 552 0
m 649 540 665 553 0
, 659 540 674 550 0
n 679 542 682 553 0
i 679 542 686 550 0
s 688 542 690 552 0
l 691 542 700 553 0
t 704 542 711 552 0
o 704 542 718 552 0
r 710 542 720 552 0
t 715 542 730 552 0
o 719 542 737 552 0
r 738 542 743 550 0
l 747 542 749 552 0
a 750 542 757 550 0
c 751 542 762 553 0
u 758 542 764 550 0
l 765 542 772 550 0
i 774 542 776 553 0
s 777 542 787 552 0
l 792 542 794 553 0
e 795 542 802 550 0
c 797 540 807 553 0
t 804 540 815 553 0
u 803 542 822 552 0
s 816 540 827 553 0
, 823 540 832 550 0
u 837 542 844 550 0
t 845 542 850 552 0
s 854 542 860 550 0
e 861 542 868 550 0
m 869 542 881 550 0
p 872 538 887 550 0
e 882 538 898 550 0
r 899 542 904 550 0
n 908 542 911 553 0
i 908 542 915 550 0
s 917 542 919 552 0
l 920 542 929 553 0
l 28 522 32 533 0
i 28 522 34 533 0
b 31 522 41 533 0
e 35 522 42 533 0
r 43 522 51 530 0
o 52 522 65 530 0
i 70 522 72 532 0
d 73 522 81 533 0
r 87 522 92 532 0
i 87 522 92 530 0
s 93 522 102 532 0
u 98 522 109 532 0
s 103 522 110 530 0
. 111 522 120 530 0
N 127 522 135 532 0
u 130 522 140 533 0
l 137 522 144 530 0
l 146 522 151 533 0
a 152 522 159 530 0
m 161 522 172 530 0
g 177 518 184 533 0
r 177 518 185 530 0
a 186 522 191 530 0
v 191 522 208 532 0
i 198 518 213 533 0
d 209 522 217 533 0
a 218 522 225 530 0
m 231 522 242 530 0
a 234 518 249 530 0
g 243 522 250 530 0
n 251 518 266 530 0
a 267 522 274 530 0
v 279 520 283 533 0
e 279 520 288 533 0
l 279 522 294 530 0
i 295 522 297 533 0
t 298 522 306 532 0
, 306 520 309 524 0
n 315 522 322 530 0
e 318 522 329 530 0
c 323 522 337 530 0
r 343 522 348 530 0
u 345 522 356 532 0
t 350 522 360 532 0
r 349 522 367 532 0
u 368 522 375 530 0
m 377 522 388 530 0
p 394 518 401 530 0
u 394 518 402 530 0
r 403 522 410 530 0
u 411 522 416 530 0
s 417 522 431 530 0
v 436 518 443 533 0
u 436 522 451 530 0
l 442 518 457 533 0
p 453 522 455 533 0
u 456 518 463 530 0
t 461 518 476 533 0
a 464 522 485 532 0
t 475 518 486 533 0
e 485 522 498 532 0
s 503 522 508 532 0
i 503 522 509 530 0
t 510 522 518 532 0
a 523 522 530 530 0
m 526 522 537 532 0
e 531 522 543 530 0
t 544 522 551 530 0
. 551 522 559 532 0
E 565 522 572 532 0
t 572 522 577 532 0
i 578 522 580 532 0
a 581 522 588 530 0
m 589 522 601 530 0
a 606 522 613 530 0
u 606 522 621 532 0
c 614 522 622 530 0
t 620 522 631 532 0
o 623 522 634 532 0
r 634 522 648 530 0
v 652 522 658 533 0
e 652 522 667 530 0
l 659 522 670 533 0
i 669 522 671 533 0
t 672 522 680 532 0
v 684 522 691 532 0
i 684 522 694 532 0
t 691 522 701 532 0
a 695 522 707 532 0
e 708 522 715 530 0
a 720 518 725 533 0
l 720 522 727 530 0
i 729 522 734 533 0
q 732 518 742 533 0
u 735 518 751 530 0
e 746 518 757 533 0
t 753 522 765 532 0
i 770 522 773 532 0
n 774 522 781 530 0
t 782 522 787 532 0
e 787 522 794 530 0
r 790 522 805 533 0
d 796 522 808 533 0
u 810 522 817 530 0
m 811 522 827 533 0
. 818 522 833 530 0
N 840 522 848 532 0
a 849 522 856 530 0
m 858 522 869 530 0
v 874 522 880 533 0
e 874 522 889 530 0
l 890 522 892 533 0
n 899 522 904 533 0
u 899 522 906 530 0
l 907 522 914 530 0
l 916 522 918 533 0
a 919 522 929 533 0
t 27 502 32 512 0
i 33 502 35 512 0
n 37 502 44 510 0
c 39 500 50 513 0
i 45 502 51 510 0
d 52 502 63 513 0
u 59 500 69 513 0
n 64 502 71 510 0
t 73 502 80 510 0
, 80 500 88 512 0
d 93 502 101 513 0
i 102 502 105 512 0
c 102 502 113 513 0
t 107 502 118 513 0
u 106 502 125 512 0
m 126 502 138 510 0
e 143 502 149 512 0
n 143 502 150 510 0
i 151 502 158 510 0
m 160 502 175 512 0
v 179 500 185 513 0
e 179 502 194 510 0
l 187 500 197 513 0
, 195 500 201 513 0
m 206 502 218 510 0
o 209 502 224 513 0
l 219 502 227 510 0
l 228 502 230 513 0
i 231 502 237 513 0
s 238 502 244 510 0
m 249 502 261 510 0
e 262 502 269 510 0
t 269 502 274 512 0
u 275 502 282 510 0
s 276 502 287 512 0
. 283 502 292 510 0
N 298 502 307 512 0
a 308 502 315 510 0
m 316 502 328 510 0
l 333 502 335 513 0
o 333 502 342 513 0
b 336 502 344 510 0
o 345 502 361 513 0
r 351 502 367 513 0
t 362 502 372 512 0
i 366 502 376 513 0
s 373 502 382 512 0
m 387 502 398 512 0
a 387 502 406 510 0
u 397 502 413 512 0
r 408 502 415 510 0
i 417 502 424 512 0
s 425 502 431 510 0
n 437 502 444 510 0
e 438 502 449 510 0
c 445 502 459 510 0
c 463 502 468 513 0
o 463 502 469 510 0
n 470 502 478 510 0
v 479 502 494 510 0
a 484 502 495 513 0
l 494 502 501 510 0
l 502 502 504 513 0
i 506 502 508 513 0
s 509 502 518 512 0
t 523 502 528 512 0
i 528 502 531 512 0
n 532 502 539 510 0
c 535 502 545 513 0
i 540 502 546 510 0
d 547 502 558 513 0
u 559 502 567 510 0
n 561 502 572 513 0
t 568 502 575 510 0
. 576 502 584 512 0
I 589 502 591 512 0
n 593 502 600 510 0
t 605 502 610 512 0
i 611 502 613 512 0
n 615 502 622 510 0
c 617 502 628 513 0
i 623 502 632 512 0
d 633 502 640 513 0
u 634 502 649 513 0
n 642 502 649 510 0
t 651 502 663 512 0
s 668 502 674 510 0
u 670 498 681 512 0
s 675 502 682 510 0
c 683 502 689 510 0
i 690 502 696 510 0
p 697 502 699 512 0
i 700 498 708 510 0
t 709 502 717 512 0
m 721 502 733 510 0
a 726 498 741 510 0
g 734 498 749 510 0
n 743 498 753 510 0
a 750 502 757 510 0
, 758 500 768 510 0
i 774 502 777 513 0
d 774 502 784 513 0
f 790 502 794 513 0
i 790 502 797 513 0
n 798 502 805 510 0
i 801 502 811 513 0
b 807 502 809 512 0
u 810 502 826 513 0
s 827 502 833 510 0
l 838 502 840 513 0
e 838 502 848 513 0
c 844 502 855 513 0
t 841 502 868 512 0
u 854 502 869 513 0
s 869 502 875 510 0
l 881 502 883 513 0
o 884 502 891 510 0
b 893 502 900 513 0
o 895 502 906 513 0
r 901 502 908 510 0
t 910 502 922 512 0
i 914 502 925 513 0
s 923 502 929 510 0
s 28 482 32 492 0
i 28 482 34 490 0
t 35 482 43 492 0
a 47 482 54 490 0
m 53 482 63 492 0
e 56 482 67 490 0
t 68 482 76 490 0
. 76 482 84 492 0
C 90 482 97 493 0
u 90 482 98 492 0
r 99 482 113 490 0
a 108 482 119 493 0
b 113 482 120 490 0
i 121 482 128 493 0
t 125 482 140 493 0
u 129 482 145 492 0
r 147 482 152 490 0
p 157 478 167 492 0
o 157 478 173 490 0
r 166 478 177 492 0
t 174 482 184 492 0
a 184 482 191 490 0
m 198 482 209 490 0
a 200 482 215 490 0
s 210 482 217 490 0
s 218 482 224 490 0
a 225 482 238 490 0
i 244 482 246 492 0
n 248 482 255 490 0
l 261 482 263 493 0
e 261 482 271 493 0
c 268 482 278 493 0
t 264 482 291 492 0
u 277 482 293 493 0
s 292 482 298 490 0
v 303 482 310 492 0
e 303 482 318 490 0
n 311 482 327 492 0
e 319 482 326 490 0
n 327 482 335 490 0
a 336 482 343 490 0
t 344 482 351 490 0
i 351 482 356 492 0
s 357 482 366 492 0
f 371 482 375 493 0
a 371 482 377 493 0
c 376 482 383 490 0
i 384 482 390 490 0
l 391 482 393 492 0
i 395 482 397 493 0
s 398 482 400 492 0
i 401 482 407 490 0
s 408 482 411 492 0
. 412 482 421 490 0
E 427 482 434 492 0
t 434 482 439 492 0
i 440 482 442 492 0
a 443 482 450 490 0
m 451 482 463 490 0
s 469 482 475 490 0
u 471 478 481 492 0
s 476 482 483 490 0
c 484 482 490 490 0
i 491 482 497 490 0
p 498 482 500 492 0
i 501 478 509 490 0
t 510 482 518 492 0
v 522 482 532 492 0
e 522 482 537 490 0
n 531 482 542 492 0
e 538 482 545 490 0
n 546 482 553 490 0
a 550 482 566 492 0
t 555 482 569 490 0
i 570 482 575 492 0
s 576 482 585 492 0
f 590 482 595 493 0
a 590 482 602 493 0
u 596 482 607 493 0
c 603 482 610 490 0
i 611 482 621 492 0
b 622 482 629 493 0
u 623 482 633 493 0
s 631 482 638 490 0
. 639 482 648 490 0
i 655 482 657 492 0
n 658 482 665 490 0
t 666 482 671 492 0
e 666 478 682 492 0
g 672 478 687 490 0
e 687 482 694 490 0
r 695 482 700 490 0
m 706 482 717 490 0
a 710 482 725 493 0
l 718 482 729 493 0
e 730 482 737 490 0
s 732 482 742 493 0
u 738 482 752 490 0
a 744 482 759 493 0
d 753 482 760 490 0
a 761 482 776 493 0
p 782 478 788 492 0
r 782 478 789 490 0
e 791 482 796 490 0
t 796 482 811 492 0
i 802 478 812 492 0
u 813 482 820 490 0
m 821 482 833 490 0
p 839 478 846 490 0
u 839 478 847 490 0
r 848 482 855 490 0
u 856 482 861 490 0
s 862 482 869 490 0
. 870 482 879 490 0
I 886 482 888 492 0
n 890 482 897 490 0
q 903 478 910 490 0
u 906 478 916 492 0
i 912 482 919 490 0
s 920 482 929 492 0
n 28 462 34 473 0
i 28 462 35 470 0
b 37 462 39 472 0
h 40 462 56 473 0
t 63 460 68 473 0
i 63 462 71 472 0
n 73 462 80 470 0
c 74 460 85 473 0
i 81 462 90 472 0
d 91 462 99 473 0
u 94 460 104 473 0
n 100 462 107 470 0
t 109 460 124 472 0
, 113 460 124 473 0
o 132 462 140 470 0
r 141 462 146 470 0
n 147 462 154 470 0
a 155 462 162 470 0
r 163 462 168 470 0
e 169 462 176 470 0
q 183 458 191 470 0
u 192 462 199 470 0
a 200 462 207 470 0
m 209 462 220 470 0
s 228 462 232 472 0
i 228 462 234 470 0
t 235 462 243 472 0
a 250 462 257 470 0
m 251 460 266 472 0
e 258 462 270 470 0
t 265 460 281 472 0
, 271 460 286 472 0
i 294 462 298 473 0
a 294 462 304 472 0
c 299 462 310 473 0
u 306 462 320 470 0
l 311 462 322 473 0
i 321 462 323 473 0
s 325 462 334 472 0
r 342 462 346 472 0
i 342 462 350 472 0
s 351 462 357 470 0
u 352 462 363 472 0
s 358 462 365 470 0
. 366 462 375 470 0
C 383 462 391 472 0
u 386 462 397 473 0
r 392 462 399 470 0
a 401 462 406 470 0
b 406 462 413 470 0
i 415 462 422 473 0
t 423 462 425 472 0
u 426 462 439 472 0
r 440 462 445 470 0
g 452 458 459 473 0
r 452 458 465 470 0
a 465 462 472 470 0
v 473 462 480 470 0
i 481 462 483 472 0
d 484 462 491 473 0
a 492 462 499 470 0
n 508 462 515 470 0
e 509 462 520 470 0
c 516 462 530 470 0
a 537 462 544 470 0
r 537 462 544 470 0
c 545 462 550 470 0
u 551 462 565 470 0
a 573 462 580 470 0
c 581 462 587 470 0
s 594 462 600 470 0
e 601 462 608 470 0
m 604 458 619 470 0
p 609 462 621 470 0
e 622 458 629 470 0
r 630 462 637 470 0
. 639 462 646 470 0
P 655 462 662 472 0
r 655 462 668 472 0
a 668 462 675 470 0
e 671 462 682 472 0
s 676 462 683 470 0
e 684 462 690 470 0
n 691 462 698 470 0
t 699 462 712 472 0
i 719 462 722 472 0
n 723 462 730 470 0
t 724 460 735 473 0
e 731 462 743 472 0
r 736 460 752 473 0
d 745 462 757 473 0
u 751 460 766 473 0
m 759 462 766 470 0
, 767 460 782 470 0
e 790 462 795 472 0
r 790 462 798 470 0
a 799 462 804 470 0
t 804 462 816 472 0
f 823 458 827 473 0
r 823 462 829 473 0
i 829 462 836 472 0
n 833 458 844 473 0
g 838 462 845 470 0
i 846 458 856 472 0
l 850 458 861 473 0
l 858 462 860 473 0
a 861 462 871 473 0
u 879 462 885 473 0
l 879 462 886 470 0
t 888 462 890 473 0
r 891 462 896 472 0
i 897 462 904 472 0
c 905 462 911 470 0
i 912 462 915 472 0
e 913 462 923 473 0
s 916 462 929 470 0
c 28 440 34 452 0
o 28 442 34 450 0
n 34 442 42 450 0
s 43 442 50 450 0
e 51 442 57 450 0
c 58 442 65 450 0
t 66 442 77 452 0
e 69 440 80 452 0
t 78 442 85 450 0
u 85 442 90 452 0
r 91 442 98 450 0
, 100 440 107 450 0
a 113 442 120 450 0
u 115 438 126 450 0
g 121 442 128 450 0
u 129 438 145 450 0
e 146 442 153 450 0
f 158 442 160 453 0
e 158 442 167 453 0
l 158 442 170 453 0
i 171 442 177 453 0
s 178 442 184 450 0
d 189 442 196 453 0
i 189 442 197 453 0
c 198 442 200 452 0
t 202 442 213 453 0
u 201 442 220 452 0
m 222 442 233 450 0
t 239 438 244 452 0
u 239 442 252 452 0
r 246 438 256 452 0
p 253 442 258 450 0
i 259 438 266 450 0
s 267 442 269 452 0
, 270 440 280 450 0
v 285 442 293 453 0
e 285 442 300 450 0
l 301 442 303 453 0
p 309 438 316 450 0
o 311 438 322 452 0
r 317 442 325 450 0
t 323 438 339 452 0
a 326 442 343 452 0
q 349 438 356 450 0
u 352 438 363 450 0
a 357 442 372 450 0
m 374 442 385 450 0
t 391 442 394 453 0
e 391 442 396 452 0
l 396 442 403 450 0
l 404 442 406 453 0
u 408 442 410 453 0
s 411 442 426 450 0
i 431 442 435 452 0
n 431 442 442 452 0
i 448 442 450 452 0
p 452 438 459 450 0
s 460 442 466 450 0
u 467 442 474 450 0
m 468 438 484 452 0
. 476 442 490 450 0
M 497 442 505 452 0
a 497 442 508 452 0
u 509 442 516 450 0
r 517 442 524 450 0
i 526 442 533 452 0
s 535 442 541 450 0
m 546 442 556 453 0
o 546 442 558 450 0
l 559 442 567 450 0
l 568 442 570 453 0
i 571 442 577 453 0
s 578 442 584 450 0
c 589 442 595 450 0
o 596 442 604 450 0
m 605 442 616 450 0
m 618 442 629 450 0
o 620 442 636 453 0
d 630 442 638 450 0
o 639 442 655 453 0
m 661 442 667 450 0
a 661 442 672 450 0
s 673 442 680 450 0
s 681 442 687 450 0
a 686 442 696 450 0
. 688 442 705 450 0
N 711 442 718 453 0
u 711 442 720 452 0
l 721 442 728 450 0
l 730 442 732 453 0
a 734 442 743 453 0
m 745 442 756 450 0
l 762 442 764 453 0
i 762 442 764 453 0
b 766 442 768 452 0
e 770 442 777 453 0
r 778 442 785 450 0
o 786 442 799 450 0
l 805 442 807 453 0
a 808 442 815 450 0
c 809 440 820 453 0
u 816 442 822 450 0
s 823 442 830 450 0
, 831 440 840 450 0
d 846 442 853 453 0
a 854 442 861 450 0
p 857 438 868 453 0
i 863 438 870 450 0
b 871 442 873 452 0
u 875 442 882 453 0
s 883 442 897 450 0
q 903 438 910 450 0
u 906 438 916 452 0
i 912 442 919 450 0
s 920 442 929 452 0
c 28 422 34 430 0
u 28 422 34 430 0
r 35 422 42 430 0
s 43 422 48 430 0
u 49 422 55 430 0
s 56 422 70 430 0
v 74 420 78 433 0
e 74 422 88 430 0
l 79 420 90 433 0
, 90 420 95 433 0
f 99 422 105 433 0
e 105 422 112 430 0
r 113 422 118 430 0
m 119 422 130 430 0
e 123 422 138 433 0
n 131 422 138 430 0
t 140 422 152 432 0
u 153 422 160 430 0
m 162 422 173 430 0
v 177 422 184 433 0
e 177 422 192 430 0
l 193 422 195 433 0
n 200 422 207 430 0
u 209 422 216 430 0
n 217 422 224 430 0
c 219 422 230 430 0
. 226 422 235 430 0
S 28 387 34 398 0
e 28 387 41 398 0
d 28 387 51 398 0
v 58 387 66 397 0
e 58 387 73 395 0
n 65 387 80 397 0
e 74 387 81 395 0
n 82 387 90 395 0
a 91 387 98 395 0
t 99 387 106 395 0
i 106 387 111 397 0
s 112 387 121 397 0
l 130 387 132 398 0
o 133 387 140 395 0
r 141 387 146 395 0
e 147 387 154 395 0
m 155 387 167 395 0
e 175 387 182 395 0
u 183 387 190 395 0
t 198 387 203 397 0
e 203 387 211 395 0
m 212 387 223 395 0
p 214 383 230 397 0
o 225 383 232 395 0
r 233 387 247 395 0
c 254 387 261 398 0
o 254 387 269 395 0
n 270 387 277 395 0
d 270 387 285 398 0
i 278 387 289 398 0
m 290 387 302 395 0
e 294 387 310 398 0
n 303 387 310 395 0
t 311 387 318 395 0
u 319 387 324 397 0
m 325 387 332 395 0
. 333 387 348 395 0
U 357 387 363 397 0
t 357 387 372 397 0
l 380 387 385 398 0
a 380 387 389 398 0
o 384 387 394 398 0
r 390 387 398 395 0
e 399 387 404 395 0
e 405 387 420 395 0
t 420 387 425 397 0
l 433 387 438 398 0
a 433 387 443 398 0
c 444 387 450 395 0
u 446 387 457 398 0
s 451 387 465 395 0
e 473 387 479 397 0
t 473 387 486 397 0
i 493 387 496 397 0
n 493 387 503 398 0
t 497 387 510 397 0
e 510 387 517 395 0
r 518 387 523 395 0
d 524 387 531 398 0
u 533 387 540 395 0
m 541 387 553 395 0
l 562 387 566 398 0
a 562 387 571 398 0
o 567 387 578 398 0
r 572 387 580 395 0
e 581 387 586 395 0
e 586 387 602 395 0
t 594 387 604 398 0
. 602 387 610 397 0
M 619 387 629 397 0
a 619 387 629 397 0
u 630 387 637 395 0
r 639 387 646 395 0
i 648 387 655 397 0
s 656 387 662 395 0
a 670 387 675 397 0
t 670 387 683 397 0
e 690 387 694 398 0
l 690 387 697 395 0
i 698 387 700 398 0
t 702 387 710 397 0
a 717 387 724 395 0
t 725 387 730 397 0
m 738 387 749 395 0
e 741 387 757 397 0
t 750 387 757 395 0
u 758 387 771 397 0
s 772 387 778 395 0
p 786 383 791 398 0
e 786 383 793 395 0
l 794 387 801 395 0
l 802 387 808 398 0
e 809 387 816 395 0
n 817 387 824 395 0
t 819 383 829 398 0
e 825 387 830 397 0
s 830 387 844 395 0
q 845 383 852 395 0
u 845 383 861 398 0
e 854 387 869 395 0
s 877 383 882 397 0
u 877 387 883 395 0
s 884 387 891 395 0
c 892 387 898 395 0
i 899 387 905 395 0
p 906 387 908 397 0
i 910 383 917 395 0
t 918 387 920 397 0
. 921 387 929 397 0
M 28 367 37 377 0
a 28 367 39 377 0
e 40 367 47 375 0
c 48 367 55 375 0
e 56 367 62 375 0
n 63 367 70 375 0
a 71 367 78 375 0
s 79 367 93 375 0
a 97 367 104 375 0
p 110 363 116 377 0
r 110 363 117 375 0
e 115 363 126 377 0
t 119 367 136 377 0
i 137 367 139 377 0
u 140 367 148 375 0
m 149 367 161 375 0
e 166 367 169 378 0
l 166 367 173 375 0
i 174 367 176 378 0
t 176 367 186 378 0
. 178 367 188 377 0
D 194 367 203 377 0
u 198 367 208 377 0
i 204 367 211 375 0
s 213 367 222 377 0
u 227 367 232 377 0
t 227 367 240 377 0
s 244 367 250 375 0
a 246 363 256 377 0
g 251 367 258 375 0
i 258 363 266 375 0
t 267 367 269 377 0
t 270 367 280 377 0
i 275 363 281 377 0
s 280 367 290 377 0
e 294 367 300 378 0
l 294 367 302 375 0
i 303 367 305 378 0
t 306 367 308 377 0
. 309 367 317 377 0
A 323 363 329 378 0
l 321 367 333 378 0
i 335 367 337 377 0
q 338 363 345 375 0
u 347 367 354 375 0
a 355 367 362 375 0
m 363 367 375 375 0
v 379 367 385 377 0
i 379 367 387 375 0
t 387 367 395 377 0
a 395 367 402 375 0
e 403 367 411 375 0
r 416 367 421 377 0
u 416 367 426 377 0
t 416 367 434 377 0
r 435 367 440 375 0
u 441 367 448 375 0
m 449 367 461 375 0
j 465 363 469 377 0
u 465 363 469 377 0
s 470 367 477 375 0
t 478 363 488 377 0
o 478 367 498 377 0
, 498 365 501 369 0
e 506 367 513 375 0
g 507 363 518 377 0
e 513 363 521 375 0
t 521 367 534 377 0
i 539 367 541 377 0
n 542 367 549 375 0
t 550 367 555 377 0
e 556 367 563 375 0
r 564 367 569 375 0
d 569 367 577 378 0
u 578 367 585 375 0
m 587 367 598 375 0
n 604 367 609 378 0
i 604 367 614 377 0
b 611 367 621 378 0
h 616 367 623 378 0
. 625 367 635 378 0
O 640 367 646 377 0
r 640 367 650 377 0
c 652 367 657 375 0
i 657 367 666 377 0
v 671 367 678 375 0
a 674 367 684 377 0
r 678 367 685 375 0
l 687 367 694 377 0
u 691 367 701 377 0
s 696 367 710 375 0
n 715 367 722 375 0
a 723 367 730 375 0
t 731 367 736 377 0
o 736 367 744 375 0
q 745 363 752 375 0
u 746 363 757 377 0
e 753 367 769 375 0
p 774 363 781 378 0
e 774 363 790 375 0
n 780 363 795 378 0
a 791 367 798 375 0
t 799 367 806 375 0
i 806 367 814 377 0
b 811 363 822 378 0
u 816 367 823 378 0
s 824 367 838 375 0
e 843 367 851 377 0
t 843 367 856 377 0
m 861 367 872 375 0
a 865 363 875 377 0
g 873 367 880 375 0
n 880 363 888 375 0
i 889 367 896 375 0
s 897 367 906 377 0
d 911 367 919 378 0
i 913 367 923 378 0
s 920 367 929 377 0
p 28 343 34 357 0
a 28 343 35 355 0
r 36 347 43 355 0
t 45 347 54 357 0
u 48 343 58 357 0
r 55 347 62 355 0
i 64 347 72 357 0
e 73 347 80 355 0
n 74 343 85 357 0
t 81 347 94 357 0
m 99 345 109 357 0
o 99 347 111 355 0
n 112 347 119 355 0
t 120 347 127 355 0
e 128 347 133 357 0
s 134 347 147 355 0
, 148 345 151 349 0
n 157 347 162 357 0
a 157 347 172 355 0
s 166 347 177 357 0
c 171 347 182 357 0
e 173 347 185 355 0
t 183 347 198 357 0
u 186 347 206 357 0
r 208 347 213 355 0
r 218 347 220 358 0
i 218 347 223 355 0
d 224 347 226 357 0
i 227 347 238 358 0
c 239 347 245 355 0
u 241 347 252 358 0
l 246 347 257 358 0
u 258 347 265 355 0
s 267 347 273 355 0
m 278 347 290 355 0
u 282 347 293 355 0
s 291 347 298 355 0
. 299 347 309 355 0
P 315 347 322 357 0
r 316 347 327 357 0
a 323 347 335 355 0
e 328 347 343 357 0
s 336 347 350 355 0
e 345 347 356 357 0
n 351 347 358 355 0
t 359 347 372 357 0
u 377 347 382 357 0
t 377 347 390 357 0
p 395 343 401 357 0
o 396 343 406 357 0
r 395 343 411 355 0
t 412 347 422 357 0
a 422 347 429 355 0
n 435 347 440 358 0
i 435 347 442 355 0
b 444 347 446 357 0
h 448 347 455 358 0
. 456 347 467 358 0
D 473 347 482 357 0
u 475 347 486 357 0
i 483 347 490 355 0
s 492 347 501 357 0
t 506 347 511 357 0
e 511 347 518 355 0
m 519 347 531 355 0
p 524 343 539 357 0
u 532 343 540 355 0
s 541 347 555 355 0
c 560 347 566 355 0
o 560 347 575 358 0
n 567 347 575 355 0
d 576 347 583 355 0
i 584 347 592 358 0
m 593 347 608 357 0
e 599 347 614 358 0
n 609 347 616 355 0
t 617 347 624 355 0
u 625 347 630 357 0
m 631 347 651 355 0
t 656 343 660 357 0
r 656 347 661 357 0
i 662 347 667 355 0
s 668 347 670 357 0
t 671 347 682 357 0
i 676 343 687 357 0
q 683 343 694 357 0
u 695 347 702 355 0
e 703 347 710 355 0
. 711 347 714 349 0
N 720 347 729 357 0
a 730 347 737 355 0
m 738 347 750 355 0
e 755 347 762 355 0
u 755 347 771 355 0
p 777 343 783 358 0
h 777 343 784 355 0
a 785 347 792 358 0
r 793 347 800 355 0
e 797 343 812 358 0
t 802 347 825 357 0
r 814 343 824 358 0
a 825 347 832 355 0
n 838 347 844 358 0
i 838 347 845 355 0
b 847 347 849 357 0
h 850 347 858 358 0
. 859 347 870 358 0
Q 875 344 885 357 0
u 879 343 894 357 0
i 887 347 897 357 0
s 898 347 904 355 0
q 905 343 913 355 0
u 914 347 921 355 0
e 922 347 929 355 0
s 28 323 34 337 0
a 28 327 41 335 0
g 36 323 46 337 0
i 42 323 52 337 0
t 53 327 63 337 0
t 57 323 63 337 0
i 60 323 66 337 0
s 63 327 73 337 0
a 79 327 86 335 0
u 84 323 99 335 0
g 87 323 103 335 0
u 104 327 111 335 0
e 112 327 119 335 0
s 126 327 136 338 0
e 126 327 148 338 0
d 135 327 148 338 0
m 155 327 165 335 0
a 155 327 174 335 0
s 166 327 182 335 0
s 175 327 181 335 0
a 182 327 195 335 0
d 202 323 211 338 0
a 202 327 210 338 0
p 211 327 218 335 0
i 219 323 227 335 0
b 228 327 230 337 0
u 231 327 247 338 0
s 248 327 254 335 0
v 260 323 266 338 0
u 260 327 275 335 0
l 265 323 281 338 0
p 277 323 287 338 0
u 282 323 293 338 0
t 287 323 298 338 0
a 289 327 309 337 0
t 299 323 314 338 0
e 309 327 314 337 0
. 315 327 325 335 0
D 333 327 341 337 0
o 335 327 346 337 0
n 342 327 350 335 0
e 351 327 358 335 0
c 359 327 373 335 0
u 380 327 385 337 0
t 380 327 393 337 0
e 399 327 404 337 0
s 399 327 406 335 0
t 407 327 418 337 0
e 425 323 430 337 0
g 425 323 435 337 0
e 425 323 440 335 0
t 440 327 453 337 0
e 459 327 464 338 0
l 459 327 466 335 0
i 467 327 469 338 0
t 470 327 478 337 0
h 485 327 492 338 0
e 488 327 498 338 0
n 493 327 500 335 0
d 502 327 509 335 0
r 510 327 517 338 0
e 519 327 531 335 0
r 524 327 534 338 0
i 532 327 537 335 0
t 538 327 546 337 0
s 552 327 558 335 0
u 553 323 563 337 0
s 559 327 566 335 0
c 567 327 573 335 0
i 574 327 580 335 0
p 581 327 583 337 0
i 585 323 592 335 0
t 593 327 601 337 0
v 606 327 614 338 0
e 606 327 621 335 0
l 622 327 624 338 0
a 631 327 638 335 0
m 646 327 657 335 0
i 649 327 660 337 0
. 658 327 664 337 0
V 670 327 677 338 0
e 670 327 679 337 0
s 680 327 693 335 0
t 688 327 699 338 0
i 694 327 702 337 0
b 703 327 710 338 0
u 711 327 719 335 0
l 720 327 722 338 0
u 724 327 731 335 0
m 732 327 744 335 0
a 750 323 757 338 0
l 750 327 761 338 0
i 762 327 765 337 0
q 766 323 773 335 0
u 768 323 783 338 0
a 774 327 789 335 0
m 782 323 798 338 0
, 791 325 806 335 0
l 813 327 815 338 0
o 817 327 824 335 0
r 825 327 830 335 0
e 831 327 838 335 0
m 839 327 851 335 0
e 857 327 863 335 0
u 857 327 873 335 0
e 880 327 885 338 0
f 880 327 887 335 0
f 886 327 897 338 0
i 888 327 900 338 0
c 896 327 907 338 0
i 901 327 907 335 0
t 907 327 923 337 0
u 913 327 923 338 0
r 925 327 930 335 0
g 27 303 33 318 0
r 27 303 35 315 0
a 36 307 41 315 0
v 41 307 48 315 0
i 48 307 58 317 0
d 54 303 65 318 0
a 59 307 67 318 0
, 68 305 78 315 0
J 81 303 85 317 0
u 87 307 94 315 0
s 88 303 98 317 0
t 95 307 106 317 0
o 107 307 114 315 0
e 119 307 126 315 0
n 119 307 135 317 0
i 127 307 138 317 0
m 139 307 151 315 0
d 155 303 159 318 0
i 155 307 163 318 0
g 164 303 175 317 0
n 170 303 181 318 0
i 176 307 183 315 0
s 184 307 193 317 0
s 189 303 200 318 0
i 194 307 200 315 0
m 201 307 216 317 0
p 221 303 228 315 0
u 221 303 236 315 0
r 229 307 237 315 0
u 238 307 251 315 0
s 245 303 255 315 0
, 252 305 261 315 0
e 266 307 273 315 0
g 269 303 280 317 0
e 273 303 281 315 0
t 281 307 294 317 0
s 298 307 304 315 0
e 305 307 312 315 0
m 313 307 324 315 0
p 315 303 330 315 0
e 326 303 333 315 0
r 334 307 347 315 0
l 352 307 354 318 0
e 355 307 362 315 0
o 363 307 370 315 0
s 375 307 381 315 0
e 375 307 389 315 0
m 390 307 401 315 0
i 406 307 410 318 0
d 406 307 417 318 0
e 422 307 429 315 0
n 424 307 434 317 0
i 430 307 437 315 0
m 438 307 441 317 0
. 442 307 457 315 0
i 462 307 464 317 0
n 466 307 473 315 0
t 474 307 479 317 0
e 474 303 485 317 0
g 479 303 502 315 0
e 487 303 502 317 0
r 503 307 508 315 0
p 512 303 520 315 0
o 513 303 529 315 0
s 521 307 535 315 0
u 530 303 541 315 0
e 536 307 543 315 0
r 544 307 551 315 0
e 553 307 565 315 0
l 570 303 572 318 0
i 570 307 575 318 0
g 574 303 584 318 0
u 576 303 591 315 0
l 586 303 596 318 0
a 593 307 603 318 0
e 608 307 613 317 0
t 608 307 620 317 0
n 625 307 630 318 0
u 625 307 632 315 0
l 633 307 640 315 0
l 642 307 644 318 0
a 645 307 655 318 0
p 660 303 667 315 0
o 668 307 676 315 0
s 670 303 681 315 0
u 677 307 683 315 0
e 684 307 691 315 0
r 692 307 699 315 0
e 700 307 713 315 0
f 716 307 722 318 0
e 722 307 729 315 0
u 726 303 736 318 0
g 730 307 737 315 0
i 738 303 748 317 0
a 749 307 756 315 0
t 757 307 762 317 0
n 766 307 773 315 0
e 769 307 780 315 0
c 774 307 788 315 0
n 793 307 799 315 0
e 793 307 800 315 0
c 801 307 815 315 0
o 819 307 827 315 0
d 822 307 833 318 0
i 828 307 835 318 0
o 837 307 839 317 0
. 840 307 851 315 0
N 28 272 34 283 0
u 28 272 37 282 0
l 38 272 46 280 0
l 47 272 53 283 0
a 54 272 61 280 0
m 62 272 74 280 0
e 80 272 85 282 0
s 80 272 87 280 0
t 88 272 99 282 0
t 104 268 109 282 0
u 104 272 109 282 0
r 110 272 117 280 0
p 118 272 123 280 0
i 124 268 131 280 0
s 132 272 135 282 0
, 136 270 145 280 0
u 151 272 157 283 0
l 151 272 159 280 0
t 160 272 162 283 0
r 163 272 168 282 0
i 169 272 176 282 0
c 177 272 183 280 0
i 184 272 187 282 0
e 188 272 195 280 0
s 196 272 202 280 0
a 207 272 214 280 0
r 221 272 227 283 0
h 221 272 233 283 0
o 229 272 240 283 0
n 235 272 242 280 0
c 243 272 250 280 0
u 252 272 266 280 0
s 267 272 273 280 0
e 279 268 285 282 0
g 279 268 294 280 0
e 287 268 298 282 0
t 292 268 302 282 0
, 294 270 309 282 0
v 315 272 322 283 0
e 315 272 330 280 0
h 321 272 336 283 0
i 331 272 338 283 0
c 339 272 342 282 0
u 343 272 349 280 0
l 350 272 357 280 0
a 358 272 368 283 0
l 375 272 377 283 0
a 375 272 385 282 0
c 379 272 389 283 0
u 386 272 392 280 0
l 393 272 400 280 0
l 401 272 403 283 0
s 405 272 414 282 0
r 420 272 423 282 0
i 420 272 425 280 0
s 426 272 428 282 0
u 429 272 435 280 0
s 436 272 443 280 0
. 444 272 453 280 0
V 459 272 468 282 0
e 463 272 474 283 0
s 468 272 475 280 0
t 476 272 487 282 0
i 480 272 491 283 0
b 488 272 499 283 0
u 500 272 507 280 0
l 509 272 511 283 0
u 512 272 519 280 0
m 521 272 532 280 0
f 538 272 544 283 0
e 538 272 550 283 0
r 546 272 561 283 0
m 552 272 569 280 0
e 560 272 575 283 0
n 570 272 577 280 0
t 578 272 585 280 0
u 586 272 599 282 0
m 600 272 612 280 0
r 618 272 621 282 0
i 618 272 623 280 0
s 624 272 626 282 0
u 627 272 641 280 0
s 642 272 648 280 0
a 654 272 660 282 0
t 654 272 667 282 0
e 672 272 677 282 0
s 672 272 679 280 0
t 680 272 691 282 0
l 697 272 701 283 0
u 697 272 699 283 0
c 700 272 708 280 0
t 709 272 720 282 0
u 715 272 725 283 0
s 721 272 735 280 0
s 741 268 747 282 0
a 741 272 754 280 0
g 746 268 757 282 0
i 755 268 765 282 0
t 761 268 771 282 0
t 766 272 776 282 0
i 770 268 781 282 0
s 777 272 779 282 0
. 780 272 789 280 0
P 796 272 803 282 0
r 797 272 807 282 0
o 804 272 817 280 0
i 811 272 822 282 0
n 818 272 829 282 0
a 835 272 839 282 0
t 835 272 848 282 0
e 853 272 860 280 0
r 855 272 865 282 0
a 861 272 866 280 0
t 866 272 879 282 0
a 884 272 891 280 0
d 897 272 904 283 0
i 897 272 908 283 0
a 909 272 916 280 0
m 918 272 929 280 0
p 28 248 34 263 0
h 28 248 35 260 0
a 37 252 44 263 0
r 45 252 52 260 0
e 53 252 58 260 0
t 58 252 66 260 0
r 66 252 71 262 0
a 72 252 84 260 0
e 88 252 95 263 0
l 88 252 96 260 0
e 97 252 99 263 0
i 100 252 107 260 0
f 108 252 110 262 0
e 111 252 123 263 0
n 115 252 131 263 0
d 124 252 140 263 0
p 145 248 152 260 0
r 147 248 157 262 0
e 152 248 162 262 0
t 154 252 174 262 0
i 164 248 179 262 0
u 176 252 183 260 0
m 184 252 196 260 0
i 201 252 203 263 0
d 201 252 212 263 0
l 217 252 220 263 0
i 217 252 223 263 0
b 224 252 231 263 0
e 227 252 237 263 0
r 232 252 239 260 0
o 241 252 254 260 0
. 254 252 257 254 0
M 262 252 273 262 0
a 265 252 281 262 0
u 274 252 281 260 0
r 282 252 289 260 0
i 291 252 296 260 0
s 297 252 306 262 0
t 310 252 315 262 0
e 315 252 322 260 0
m 324 252 335 260 0
p 326 248 341 262 0
o 337 248 344 260 0
r 345 252 359 260 0
o 363 252 370 260 0
d 364 252 375 263 0
i 371 252 378 263 0
o 380 252 391 262 0
e 395 252 401 262 0
t 395 252 408 262 0
a 412 252 418 262 0
n 412 252 419 260 0
t 420 252 427 260 0
e 428 252 440 262 0
u 445 252 450 263 0
l 445 252 452 260 0
t 451 252 462 263 0
r 454 252 467 263 0
i 461 252 472 263 0
c 468 252 470 262 0
i 471 252 480 262 0
e 478 252 488 263 0
s 481 252 495 260 0
c 500 252 506 260 0
o 506 252 514 260 0
n 515 252 522 260 0
g 519 248 530 260 0
u 524 248 534 260 0
e 523 248 539 260 0
. 540 252 550 260 0
P 555 252 563 262 0
h 558 252 568 263 0
a 564 252 571 263 0
s 572 252 579 260 0
e 579 252 590 263 0
l 580 252 594 260 0
l 595 252 597 263 0
u 598 252 600 263 0
s 602 252 616 260 0
q 620 248 626 262 0
u 620 248 628 260 0
i 629 252 636 260 0
s 638 252 647 262 0
s 651 252 655 263 0
o 651 252 657 260 0
l 658 252 666 260 0
l 667 252 669 263 0
i 671 252 673 263 0
c 674 252 676 262 0
i 677 252 683 260 0
t 684 252 692 262 0
u 693 252 700 260 0
d 695 252 706 263 0
i 701 252 708 263 0
n 710 252 721 262 0
n 726 252 730 263 0
i 726 252 733 260 0
s 734 252 736 262 0
l 737 252 743 260 0
. 745 252 750 263 0
N 756 252 764 262 0
a 765 252 772 260 0
m 774 252 785 260 0
n 791 252 798 260 0
o 791 252 798 260 0
n 799 252 815 260 0
t 819 252 824 263 0
e 819 252 824 262 0
l 825 252 832 260 0
l 833 252 838 263 0
u 836 252 846 263 0
s 840 252 854 260 0
n 859 252 866 260 0
e 867 252 874 260 0
c 875 252 881 260 0
m 886 252 897 260 0
a 898 252 905 260 0
g 898 248 914 260 0
n 906 248 921 260 0
a 922 252 929 260 0
u 28 232 32 243 0
l 28 232 35 240 0
t 33 232 44 243 0
r 37 232 50 243 0
i 51 232 53 242 0
c 54 232 60 240 0
i 61 232 63 242 0
e 62 232 73 243 0
s 64 232 78 240 0
a 82 232 89 240 0
c 90 232 96 240 0
c 97 232 103 240 0
u 104 232 111 240 0
m 113 232 124 240 0
s 115 232 131 240 0
a 125 232 131 240 0
n 132 232 147 240 0
a 152 232 157 240 0
c 152 232 166 240 0
u 170 232 177 242 0
t 170 232 184 242 0
m 188 232 199 240 0
a 190 228 206 240 0
g 200 232 207 240 0
n 208 228 223 240 0
a 214 228 225 240 0
. 224 232 235 240 0
F 240 232 244 242 0
u 240 232 247 242 0
s 247 232 254 240 0
c 255 232 261 240 0
e 262 232 276 240 0
d 280 232 288 243 0
i 282 232 293 243 0
c 289 232 291 242 0
t 292 232 298 240 0
u 299 232 312 242 0
m 313 232 325 240 0
e 329 232 334 242 0
s 329 232 339 242 0
t 329 232 349 242 0
u 353 232 358 242 0
t 353 232 366 242 0
f 369 232 375 243 0
e 375 232 382 240 0
r 383 232 388 240 0
m 389 232 400 240 0
e 401 232 408 240 0
n 401 232 416 243 0
t 409 232 416 240 0
u 417 232 422 242 0
m 423 232 443 240 0
f 447 232 452 243 0
a 447 232 453 243 0
c 452 232 459 240 0
l 460 232 466 240 0
l 467 232 470 242 0
i 471 232 477 243 0
s 473 232 484 243 0
i 478 232 484 240 0
s 485 232 487 242 0
. 488 232 497 240 0
C 502 232 510 242 0
u 511 232 518 240 0
r 514 232 525 243 0
a 520 232 525 240 0
b 525 232 532 240 0
i 533 232 541 243 0
t 541 232 551 243 0
u 542 232 557 242 0
r 559 232 564 240 0
c 568 232 574 240 0
o 575 232 582 240 0
n 584 232 591 240 0
s 584 228 600 242 0
e 592 228 614 240 0
q 601 228 612 242 0
u 606 228 617 242 0
a 615 232 622 240 0
t 623 232 636 242 0
n 640 232 643 242 0
i 640 232 647 240 0
s 649 232 651 242 0
i 652 232 661 242 0
e 666 228 672 242 0
g 666 228 681 240 0
e 671 228 687 242 0
t 681 232 694 242 0
r 698 232 703 240 0
i 698 232 708 242 0
s 704 232 706 242 0
u 707 232 721 240 0
s 722 232 728 240 0
c 733 232 739 240 0
o 739 232 747 240 0
n 748 232 755 240 0
d 756 232 764 243 0
i 765 232 767 242 0
m 765 232 781 243 0
e 769 232 789 240 0
n 782 232 798 243 0
t 790 232 810 242 0
u 797 232 812 243 0
m 812 232 824 240 0
m 829 232 836 242 0
a 829 232 840 240 0
x 841 232 848 240 0
i 849 232 856 240 0
m 856 232 859 242 0
u 860 232 872 240 0
s 873 232 880 240 0
. 881 232 891 240 0
P 896 232 903 242 0
r 898 232 909 242 0
o 904 232 909 240 0
i 910 232 917 240 0
n 918 232 929 242 0
c 28 212 34 222 0
o 28 212 34 220 0
n 34 212 42 220 0
s 43 212 50 220 0
e 51 212 57 220 0
c 58 212 65 220 0
t 66 212 77 222 0
e 69 212 80 222 0
t 78 212 85 220 0
u 85 212 90 222 0
r 91 212 123 220 0
e 101 202 116 231 0
x 111 202 121 231 0
t 127 212 131 223 0
i 127 212 132 222 0
n 132 212 143 222 0
c 140 212 150 223 0
i 144 212 150 220 0
d 151 212 162 223 0
u 163 212 171 220 0
n 166 212 177 223 0
t 172 212 185 222 0
e 189 212 196 220 0
n 190 212 201 222 0
i 197 212 204 220 0
m 206 212 221 222 0
c 226 212 232 220 0
u 226 212 240 220 0
r 231 212 247 220 0
s 241 212 246 220 0
u 247 212 261 220 0
s 262 212 268 220 0
v 271 212 281 222 0
e 271 212 286 220 0
n 282 212 293 222 0
e 287 212 294 220 0
n 296 212 303 220 0
a 304 212 311 220 0
t 312 212 319 220 0
i 319 212 327 222 0
s 323 212 334 222 0
. 328 212 337 220 0
N 343 212 352 222 0
u 345 212 356 223 0
l 353 212 360 220 0
l 362 212 367 223 0
a 368 212 375 220 0
p 380 208 387 222 0
o 380 208 396 220 0
r 386 208 401 222 0
t 397 212 407 222 0
a 407 212 414 220 0
f 419 212 423 223 0
a 419 212 424 223 0
c 423 212 430 220 0
i 432 212 438 220 0
l 438 212 441 222 0
i 442 212 444 223 0
s 446 212 448 222 0
i 449 212 455 220 0
s 456 212 465 222 0
f 469 212 474 223 0
e 469 212 475 223 0
l 474 212 481 220 0
i 482 212 488 223 0
s 489 212 495 220 0
u 500 212 508 222 0
t 500 212 513 222 0
m 517 212 528 220 0
o 521 212 532 223 0
l 529 212 537 220 0
e 538 212 540 223 0
s 541 212 551 223 0
t 541 212 563 222 0
i 553 212 563 223 0
e 560 212 571 223 0
. 564 212 575 220 0
S 28 173 34 188 0
u 28 177 35 187 0
s 36 177 43 185 0
p 44 177 50 185 0
e 51 173 58 185 0
n 59 177 66 185 0
d 68 177 75 185 0
i 76 177 83 188 0
s 84 177 87 187 0
s 88 177 100 185 0
e 101 177 108 185 0
n 113 177 119 185 0
e 113 177 120 185 0
c 121 177 135 185 0
l 140 177 142 188 0
e 143 177 150 185 0
o 151 177 159 185 0
m 163 175 172 188 0
o 163 177 175 185 0
l 176 177 184 185 0
l 185 177 187 188 0
i 188 177 190 188 0
s 192 177 194 187 0
, 195 175 204 185 0
v 208 177 215 187 0
i 208 177 218 187 0
v 214 177 225 187 0
e 219 177 234 185 0
r 224 177 240 187 0
r 235 177 245 185 0
a 245 177 252 185 0
l 258 177 261 188 0
i 258 177 263 188 0
b 265 177 272 188 0
e 268 177 278 188 0
r 273 177 280 185 0
o 281 177 294 185 0
q 298 173 305 187 0
u 298 173 306 185 0
i 307 177 315 185 0
s 316 177 318 187 0
, 319 175 328 185 0
v 332 173 341 188 0
u 332 177 348 185 0
l 343 173 353 188 0
p 349 177 351 188 0
u 353 173 368 185 0
t 362 173 372 188 0
a 367 173 377 188 0
t 369 177 381 187 0
e 382 177 394 187 0
a 398 177 405 185 0
n 401 177 411 187 0
t 407 177 414 185 0
e 415 177 420 187 0
. 420 177 430 185 0
A 435 177 444 187 0
l 437 173 447 188 0
i 445 177 450 188 0
q 451 173 459 185 0
u 460 177 467 185 0
a 468 177 475 185 0
m 477 177 488 185 0
e 493 177 498 187 0
r 493 177 500 185 0
a 501 177 513 185 0
t 514 177 519 187 0
v 522 173 530 188 0
o 522 177 538 185 0
l 539 177 541 188 0
u 542 177 549 185 0
t 543 173 554 188 0
p 550 177 555 187 0
a 556 173 563 185 0
t 564 177 571 185 0
. 571 177 579 187 0
P 585 177 592 187 0
h 587 177 597 188 0
a 593 177 600 188 0
s 601 177 608 185 0
e 608 177 619 188 0
l 609 177 623 185 0
l 624 177 626 188 0
u 627 177 629 188 0
s 631 177 645 185 0
i 650 177 653 188 0
d 650 177 660 188 0
e 665 177 670 188 0
l 665 177 672 185 0
i 673 177 675 188 0
t 677 177 685 187 0
a 688 177 695 185 0
t 696 177 701 187 0
u 705 177 713 185 0
r 707 177 718 185 0
n 714 177 719 185 0
a 720 177 735 185 0
p 740 173 745 187 0
o 740 173 747 185 0
r 748 177 756 185 0
t 751 173 766 187 0
t 757 177 772 187 0
i 765 173 771 187 0
t 772 177 780 187 0
o 775 173 786 187 0
r 781 177 795 185 0
u 799 177 803 188 0
l 799 177 806 185 0
t 808 177 815 188 0
r 809 177 820 188 0
i 816 177 821 185 0
c 822 177 831 187 0
e 826 177 836 188 0
s 832 177 845 185 0
s 850 177 856 188 0
e 850 177 861 188 0
d 850 177 872 188 0
a 876 177 883 185 0
l 889 177 892 188 0
e 889 177 891 188 0
c 892 177 905 185 0
t 898 177 909 188 0
u 906 177 919 187 0
s 913 177 923 188 0
. 920 177 929 185 0
N 28 157 37 167 0
a 38 157 45 165 0
m 46 157 58 165 0
n 64 157 68 165 0
o 64 157 71 165 0
n 72 157 88 165 0
o 93 157 97 165 0
r 93 157 101 165 0
n 102 157 107 165 0
a 106 157 116 165 0
r 108 157 122 165 0
e 124 157 136 165 0
j 140 153 145 167 0
u 140 153 144 167 0
s 145 157 152 165 0
t 153 157 165 167 0
o 161 153 172 167 0
. 165 157 176 165 0
A 181 157 190 167 0
e 185 157 196 167 0
n 190 157 198 165 0
e 199 157 206 165 0
a 207 157 214 165 0
n 214 157 230 165 0
s 235 157 237 167 0
i 235 157 241 165 0
t 242 157 250 167 0
a 254 157 261 165 0
m 258 157 269 167 0
e 263 157 274 165 0
t 275 157 288 167 0
n 293 157 298 167 0
i 293 157 300 165 0
s 301 157 304 167 0
i 305 157 314 167 0
a 319 157 326 165 0
u 327 157 334 165 0
g 330 153 341 165 0
u 335 153 350 165 0
e 340 153 356 165 0
. 352 157 362 165 0
I 368 153 372 167 0
n 368 157 370 167 0
t 372 157 379 165 0
e 379 153 389 167 0
g 379 153 400 167 0
e 391 153 406 167 0
r 400 157 414 165 0
d 418 157 426 168 0
i 420 157 430 168 0
c 427 157 429 167 0
t 430 157 449 167 0
u 437 157 452 168 0
m 451 157 462 165 0
v 467 153 474 168 0
o 467 157 482 165 0
l 475 153 486 168 0
u 484 157 486 168 0
t 487 157 500 167 0
p 495 153 505 168 0
a 500 153 510 168 0
t 501 153 521 167 0
e 526 157 530 165 0
r 526 157 533 165 0
o 534 157 539 165 0
s 539 157 554 165 0
s 559 157 561 167 0
i 559 157 565 165 0
t 566 157 574 167 0
a 578 157 585 165 0
m 582 157 592 167 0
e 586 157 598 165 0
t 599 157 611 167 0
p 616 153 621 168 0
l 616 153 624 165 0
a 625 157 635 168 0
c 630 153 641 168 0
e 636 157 642 165 0
r 642 157 650 165 0
a 651 157 656 165 0
t 654 153 665 168 0
. 656 157 671 167 0
E 677 157 684 167 0
t 678 157 689 167 0
l 684 157 689 167 0
a 690 157 700 167 0
m 701 157 713 165 0
p 718 153 725 165 0
o 718 153 734 165 0
s 735 157 741 165 0
u 736 153 747 165 0
e 742 157 749 165 0
r 750 157 757 165 0
e 759 157 771 165 0
o 776 157 783 168 0
d 776 157 792 168 0
i 785 157 795 168 0
o 793 157 804 167 0
e 809 153 815 167 0
g 809 157 816 165 0
e 816 153 824 165 0
t 825 157 837 167 0
l 842 157 846 168 0
e 842 157 852 168 0
o 853 157 861 165 0
i 866 157 868 167 0
n 870 157 877 165 0
t 872 155 882 168 0
e 877 157 890 167 0
r 891 157 896 165 0
d 896 157 904 168 0
u 905 157 912 165 0
m 906 155 921 168 0
, 914 155 929 165 0
a 27 137 33 147 0
t 27 137 40 147 0
d 45 133 50 148 0
i 45 137 52 148 0
g 54 137 56 147 0
n 56 133 64 145 0
i 65 137 72 145 0
s 73 137 75 147 0
s 77 137 89 145 0
i 83 133 94 148 0
m 90 137 105 147 0
e 111 137 118 145 0
x 111 137 125 145 0
l 131 137 135 148 0
u 131 137 133 148 0
c 134 137 141 145 0
t 143 137 154 148 0
u 142 137 161 147 0
s 155 137 166 148 0
. 162 137 172 145 0
P 178 137 183 147 0
r 178 137 185 147 0
o 186 137 191 145 0
i 191 137 202 147 0
n 204 137 211 145 0
v 215 137 222 147 0
i 215 137 223 145 0
t 223 137 231 147 0
a 231 137 238 145 0
e 239 137 247 145 0
a 251 137 258 145 0
c 259 137 265 145 0
c 266 137 272 145 0
u 273 137 280 145 0
m 282 137 293 145 0
s 284 137 299 145 0
a 294 137 300 145 0
n 301 137 316 145 0
t 321 133 326 147 0
u 321 137 326 147 0
r 327 137 334 145 0
p 336 133 349 145 0
i 342 133 352 147 0
s 350 137 352 147 0
. 353 137 362 145 0
Q 367 134 377 147 0
u 373 133 384 147 0
i 379 137 386 145 0
s 387 137 389 147 0
q 391 133 405 145 0
u 406 137 413 145 0
e 414 137 422 145 0
l 427 137 429 148 0
o 427 135 437 148 0
b 430 137 438 145 0
o 439 137 446 148 0
r 447 137 455 145 0
t 453 135 463 148 0
i 456 137 466 147 0
s 466 137 469 147 0
, 470 135 479 145 0
v 483 137 490 148 0
e 483 137 498 145 0
l 491 137 502 148 0
i 500 137 502 148 0
t 503 137 511 147 0
i 516 137 518 147 0
d 519 137 526 148 0
f 531 137 537 148 0
a 536 137 543 145 0
u 540 137 550 148 0
c 544 137 552 145 0
i 553 137 559 145 0
b 560 137 571 148 0
u 566 137 577 148 0
s 572 137 586 145 0
b 592 135 596 148 0
l 592 137 599 148 0
a 600 137 610 148 0
n 603 135 618 148 0
d 612 137 619 145 0
i 620 137 627 148 0
t 628 137 636 147 0
, 636 135 639 139 0
m 645 137 657 145 0
e 648 137 664 147 0
t 658 137 665 145 0
u 665 137 670 147 0
s 671 137 685 145 0
l 690 133 693 148 0
i 690 137 696 148 0
g 696 133 704 145 0
u 699 133 710 148 0
l 705 137 712 145 0
a 714 137 723 148 0
s 729 133 736 147 0
a 729 137 742 145 0
g 735 133 746 147 0
i 743 133 753 147 0
t 748 133 758 147 0
t 754 137 764 147 0
i 760 133 765 147 0
s 765 137 774 147 0
l 779 137 781 148 0
e 779 135 790 148 0
c 786 135 797 148 0
t 782 137 809 147 0
u 796 135 806 148 0
s 803 135 814 148 0
, 810 135 820 145 0
a 825 137 832 145 0
s 837 133 843 147 0
a 837 137 850 145 0
g 842 133 857 147 0
i 851 133 859 145 0
t 859 137 872 147 0
t 866 133 872 147 0
i 868 133 874 147 0
s 873 137 882 147 0
s 887 133 896 147 0
a 887 137 900 145 0
p 902 133 909 145 0
i 910 137 913 147 0
e 914 137 921 145 0
n 922 137 929 145 0
I 28 117 30 127 0
p 32 113 39 125 0
s 40 117 46 125 0
u 47 117 54 125 0
m 56 117 67 125 0
a 71 117 75 125 0
i 84 117 86 127 0
p 82 113 97 127 0
s 87 113 101 125 0
u 102 117 110 125 0
m 103 113 119 127 0
. 111 117 126 125 0
I 132 117 134 127 0
n 135 117 142 125 0
t 137 113 148 127 0
e 143 117 148 127 0
g 149 113 171 125 0
e 159 113 169 127 0
r 172 117 177 125 0
t 181 117 186 127 0
e 186 117 194 125 0
m 195 117 206 125 0
p 198 113 213 127 0
u 208 113 215 125 0
s 216 117 230 125 0
b 235 117 240 128 0
l 235 117 242 128 0
a 244 117 246 128 0
n 247 117 254 125 0
d 255 117 262 125 0
i 263 117 271 128 0
t 272 117 280 127 0
m 285 117 296 125 0
a 289 115 300 125 0
s 297 117 304 125 0
s 305 117 317 125 0
a 311 115 322 125 0
, 318 115 328 125 0
d 333 117 341 128 0
i 342 117 344 127 0
c 345 117 351 125 0
t 347 117 358 128 0
u 352 117 365 127 0
m 366 117 378 125 0
l 383 117 387 128 0
u 383 117 385 128 0
c 386 117 393 125 0
t 394 117 400 125 0
u 401 117 414 127 0
s 415 117 421 125 0
m 426 117 437 125 0
a 430 113 445 125 0
g 438 117 445 125 0
n 445 113 453 125 0
a 454 117 469 125 0
g 473 113 481 125 0
r 475 113 486 128 0
a 482 117 487 125 0
v 487 117 494 125 0
i 494 117 504 127 0
d 505 117 513 128 0
a 514 117 521 125 0
n 526 117 532 125 0
o 526 117 533 125 0
n 534 117 542 125 0
. 543 117 553 125 0
C 558 117 563 127 0
r 558 117 566 127 0
a 568 117 573 125 0
s 573 117 587 125 0
m 592 117 597 128 0
o 592 117 603 125 0
l 604 117 612 125 0
l 613 117 615 128 0
i 617 117 622 128 0
s 623 117 629 125 0
d 634 117 641 128 0
a 637 113 648 128 0
p 642 117 649 125 0
i 650 113 661 127 0
b 663 117 670 128 0
u 666 113 677 128 0
s 671 117 685 125 0
n 690 117 697 125 0
e 698 117 705 125 0
q 698 113 713 125 0
u 706 113 714 125 0
e 715 117 722 125 0
, 723 115 734 125 0
s 738 117 742 127 0
i 738 117 744 125 0
t 745 117 753 127 0
a 757 117 764 125 0
m 761 117 771 127 0
e 766 117 777 125 0
t 778 117 791 127 0
e 787 107 798 136 0
f 795 117 802 125 0
f 799 107 810 136 0
i 803 117 815 128 0
c 809 107 820 136 0
i 816 117 822 125 0
t 821 107 832 136 0
u 823 117 838 127 0
r 831 107 841 136 0
f 843 117 845 125 0
e 848 117 854 128 0
l 854 117 861 125 0
i 862 117 864 128 0
s 865 117 873 127 0
u 879 117 885 128 0
l 879 117 886 125 0
t 888 117 890 128 0
r 891 117 896 127 0
i 897 117 904 127 0
c 905 117 911 125 0
i 912 117 915 127 0
e 913 117 923 128 0
s 916 117 929 125 0
v 27 97 33 107 0
i 27 97 37 107 0
t 32 97 43 107 0
a 38 97 50 107 0
e 44 97 55 107 0
. 51 97 61 105 0
V 65 97 74 107 0
i 68 97 79 107 0
v 75 97 85 107 0
a 85 97 92 105 0
m 88 97 103 107 0
u 93 97 105 105 0
s 106 97 120 105 0
i 125 97 127 107 0
n 125 97 136 107 0
t 140 97 144 108 0
e 140 97 145 107 0
l 145 97 156 108 0
l 157 97 159 108 0
u 161 97 168 105 0
s 169 97 175 105 0
u 179 93 185 108 0
l 179 97 187 105 0
l 188 97 194 108 0
a 195 97 202 105 0
m 203 97 215 105 0
c 206 93 222 108 0
o 216 97 222 105 0
r 222 97 230 105 0
p 231 97 236 105 0
e 237 93 244 105 0
r 245 97 258 105 0
e 262 97 268 105 0
r 262 97 270 105 0
o 267 97 282 105 0
s 271 97 290 105 0
v 294 97 299 107 0
i 294 97 304 107 0
v 294 97 319 107 0
e 308 97 318 107 0
r 313 97 323 107 0
r 320 97 325 105 0
a 326 97 338 105 0
v 342 97 350 107 0
e 342 97 357 105 0
n 349 97 364 107 0
e 358 97 365 105 0
n 366 97 373 105 0
a 371 97 386 107 0
t 375 97 389 105 0
i 390 97 395 107 0
s 396 97 398 107 0
. 399 97 408 105 0
D 413 97 422 107 0
o 423 97 431 105 0
n 426 97 437 107 0
e 432 97 439 105 0
c 440 97 454 105 0
v 458 97 463 107 0
i 458 97 465 105 0
v 465 97 475 107 0
e 466 97 483 107 0
r 474 97 490 107 0
r 484 97 495 105 0
a 495 97 502 105 0
n 507 97 514 105 0
e 515 97 522 105 0
q 516 93 531 105 0
u 523 93 531 105 0
e 532 97 547 105 0
v 551 97 558 107 0
i 551 97 561 107 0
t 557 97 567 107 0
a 562 97 574 107 0
e 575 97 582 105 0
v 586 93 594 108 0
o 586 97 601 105 0
l 602 97 604 108 0
u 606 97 613 105 0
t 607 93 618 108 0
p 614 97 619 107 0
a 620 93 634 105 0
t 635 97 640 107 0
c 644 97 650 105 0
o 651 97 658 105 0
n 653 93 669 105 0
g 660 93 675 105 0
u 670 93 681 105 0
e 676 97 683 105 0
. 684 97 694 105 0
V 698 97 707 107 0
i 702 97 712 107 0
v 708 97 718 107 0
a 718 97 725 105 0
m 721 97 736 107 0
u 726 97 738 105 0
s 739 97 753 105 0
e 758 93 765 107 0
g 758 93 773 105 0
e 767 93 777 107 0
t 773 97 786 107 0
r 790 97 795 105 0
h 791 97 802 108 0
o 796 97 803 108 0
n 804 97 812 105 0
c 813 97 820 105 0
u 821 97 827 105 0
s 828 97 842 105 0
l 847 97 849 108 0
e 850 97 857 105 0
c 851 97 862 108 0
t 858 97 869 107 0
u 864 97 874 108 0
s 870 97 877 105 0
. 878 97 887 105 0
S 28 62 34 73 0
e 28 62 42 73 0
d 28 62 51 73 0
p 57 58 64 70 0
u 57 58 72 70 0
r 66 58 77 70 0
u 71 58 82 70 0
s 74 62 94 70 0
l 99 58 102 73 0
i 99 62 105 73 0
g 105 58 113 70 0
u 109 58 119 73 0
l 114 62 121 70 0
a 122 62 132 73 0
, 133 60 136 64 0
d 141 62 149 73 0
i 144 62 154 73 0
c 150 62 152 72 0
t 153 62 159 70 0
u 160 62 173 72 0
m 174 62 186 70 0
e 191 62 198 70 0
g 198 58 206 70 0
e 201 58 212 72 0
t 206 62 219 72 0
e 224 62 231 70 0
u 226 62 237 73 0
l 232 62 243 72 0
s 244 62 250 70 0
m 251 62 262 70 0
o 254 62 269 73 0
d 263 62 279 73 0
a 284 62 291 70 0
c 286 60 297 70 0
, 292 60 302 70 0
t 307 62 312 72 0
e 312 62 319 70 0
m 321 62 332 70 0
p 324 58 339 72 0
o 334 58 341 70 0
r 342 62 355 70 0
a 360 62 367 70 0
u 361 62 372 72 0
c 368 62 375 70 0
t 376 62 382 70 0
o 383 62 396 72 0
r 397 62 402 70 0
m 407 58 419 70 0
a 407 62 426 70 0
g 419 58 434 70 0
n 427 58 435 70 0
a 434 58 444 70 0
. 436 62 454 70 0
P 460 62 467 72 0
h 461 62 472 73 0
a 468 62 475 73 0
s 476 62 483 70 0
e 484 62 490 70 0
l 491 62 498 70 0
l 499 62 505 73 0
u 506 62 513 70 0
s 514 62 520 70 0
a 525 62 532 70 0
c 533 62 539 70 0
n 545 62 552 70 0
e 549 58 559 70 0
q 553 58 568 70 0
u 570 62 577 70 0
e 578 62 585 70 0
f 590 62 595 73 0
a 595 62 602 70 0
u 596 60 607 73 0
c 603 62 610 70 0
i 611 62 621 72 0
b 622 62 629 73 0
u 624 60 634 73 0
s 630 62 638 70 0
, 639 60 648 70 0
a 653 62 660 70 0
c 661 62 667 70 0
c 668 62 674 70 0
u 675 62 682 70 0
m 676 62 692 70 0
s 684 62 695 70 0
a 696 62 702 70 0
n 703 62 718 70 0
e 724 62 729 70 0
r 724 62 731 70 0
o 732 62 737 70 0
s 737 62 752 70 0
e 757 60 759 72 0
t 757 62 764 70 0
, 764 60 772 72 0
p 778 58 784 73 0
u 778 58 785 70 0
l 786 62 794 70 0
v 795 62 805 73 0
i 799 58 809 73 0
n 805 62 808 72 0
a 809 62 824 70 0
r 826 62 831 70 0
o 835 62 843 70 0
d 839 62 849 73 0
i 844 62 851 73 0
o 852 62 855 72 0
. 856 62 867 70 0
P 873 62 880 72 0
r 881 62 886 70 0
a 881 62 892 72 0
e 886 62 901 70 0
s 894 62 909 72 0
e 902 62 916 70 0
n 909 62 924 72 0
t 917 62 930 72 0
s 28 42 32 52 0
i 28 42 34 50 0
t 35 42 43 52 0
a 47 42 54 50 0
m 56 42 67 50 0
e 61 42 72 52 0
t 68 42 81 52 0
m 86 42 94 53 0
o 86 42 98 50 0
l 99 42 106 50 0
l 108 42 110 53 0
i 111 42 117 53 0
s 118 42 124 50 0
a 129 42 136 50 0
r 137 42 142 50 0
c 139 42 149 50 0
u 143 42 157 50 0
. 158 42 160 44 0
N 167 42 175 52 0
a 171 42 182 52 0
m 176 42 196 50 0
t 202 38 207 52 0
r 202 42 207 52 0
i 208 42 215 52 0
s 211 38 222 52 0
t 216 42 230 52 0
i 224 38 234 52 0
q 231 38 239 50 0
u 240 42 248 50 0
e 249 42 256 50 0
a 261 42 267 52 0
t 261 42 274 52 0
q 278 38 286 50 0
u 284 38 294 50 0
a 287 42 302 50 0
m 304 42 315 50 0
s 321 42 327 53 0
e 321 42 327 50 0
d 328 42 343 53 0
r 349 42 354 53 0
h 349 42 362 53 0
o 363 42 371 50 0
n 372 42 379 50 0
c 374 42 384 53 0
u 380 42 386 50 0
s 387 42 394 50 0
. 395 42 405 50 0
Q 410 39 420 52 0
u 414 38 424 52 0
i 421 42 429 50 0
s 430 42 439 52 0
q 436 38 447 52 0
u 440 38 448 50 0
e 449 42 464 50 0
e 470 42 474 52 0
t 470 42 482 52 0
e 487 42 492 52 0
s 487 42 494 50 0
t 495 42 506 52 0
l 512 42 514 53 0
e 515 42 522 50 0
c 519 42 529 53 0
t 523 42 534 52 0
u 535 42 542 50 0
s 536 42 547 53 0
. 543 42 552 50 0
M 558 42 569 52 0
a 561 42 577 52 0
u 570 42 577 50 0
r 579 42 586 50 0
i 587 42 592 50 0
s 593 42 602 52 0
i 608 42 610 52 0
n 611 42 618 50 0
s 624 42 630 50 0
e 631 42 638 50 0
m 639 42 651 50 0
p 657 38 662 52 0
r 657 38 664 50 0
e 665 42 670 50 0
t 671 42 683 52 0
i 684 42 686 52 0
u 684 38 694 52 0
m 687 42 695 50 0
, 696 40 711 50 0
s 717 42 724 53 0
o 717 42 731 50 0
d 732 42 739 53 0
a 734 42 744 53 0
l 740 42 747 50 0
e 749 42 751 53 0
s 752 42 766 50 0
e 771 42 777 53 0
l 771 42 778 50 0
i 779 42 781 53 0
t 783 42 791 52 0
e 795 38 804 52 0
g 799 38 809 52 0
e 795 38 826 52 0
t 811 38 822 52 0
, 816 38 826 52 0
f 832 42 837 53 0
a 837 42 844 50 0
u 839 42 849 53 0
c 845 42 852 50 0
i 853 42 859 50 0
b 860 42 862 52 0
u 864 42 879 53 0
s 881 42 887 50 0
l 892 38 894 53 0
i 892 42 894 53 0
g 896 38 906 52 0
u 901 38 912 53 0
l 907 42 914 50 0
a 916 42 925 53 0
. 927 42 929 44 0
N 28 22 37 32 0
u 29 22 44 32 0
n 38 22 46 30 0
c 47 22 61 30 0
e 66 22 72 32 0
t 66 22 78 32 0
o 82 22 87 33 0
d 82 22 90 30 0
i 91 22 98 33 0
o 99 22 110 32 0
I 115 22 117 32 0
d 118 22 126 33 0
m 131 22 142 30 0
a 131 22 150 30 0
s 151 22 157 30 0
s 154 22 164 30 0
a 158 22 171 30 0
m 177 22 188 30 0
o 181 22 192 33 0
l 189 22 197 30 0
l 198 22 200 33 0
i 201 22 203 33 0
s 205 22 214 32 0
e 218 22 226 30 0
l 227 22 229 33 0
e 230 22 237 30 0
m 238 22 250 30 0
e 241 22 257 33 0
n 251 22 258 30 0
t 256 22 272 33 0
u 259 22 279 32 0
m 281 22 293 30 0
i 297 22 299 32 0
n 297 22 308 32 0
q 313 18 319 32 0
u 313 18 320 30 0
i 322 22 329 30 0
s 330 22 340 32 0
l 344 22 346 33 0
a 347 22 354 30 0
c 355 22 361 30 0
u 356 22 367 33 0
s 362 22 369 30 0
. 371 22 380 30 0
V 384 22 392 32 0
i 384 22 395 32 0
v 396 22 403 30 0
a 403 22 410 30 0
m 412 22 423 30 0
u 414 22 429 32 0
s 424 22 439 30 0
e 443 22 449 32 0
t 443 22 456 32 0
e 460 22 467 30 0
x 467 22 474 30 0
n 479 22 486 30 0
o 481 22 492 30 0
n 487 22 503 30 0
n 508 22 512 33 0
i 508 22 515 30 0
s 516 22 519 32 0
l 520 22 529 33 0
v 533 22 541 30 0
a 540 22 547 30 0
r 541 22 552 32 0
i 549 22 554 30 0
u 554 22 557 32 0
s 558 22 572 30 0
f 576 18 582 33 0
e 576 22 582 33 0
u 581 22 588 30 0
g 589 18 605 30 0
i 596 18 607 33 0
a 605 22 615 32 0
t 616 22 621 32 0
v 624 22 629 32 0
i 624 22 632 30 0
t 632 22 640 32 0
a 640 22 647 30 0
e 648 22 656 30 0
a 660 22 667 30 0
l 661 18 672 33 0
i 668 22 674 33 0
q 675 18 682 30 0
u 679 18 689 33 0
e 684 22 691 30 0
t 692 22 705 32 0
s 708 22 714 30 0
e 715 22 722 30 0
m 721 22 732 30 0
. 723 22 738 30 0
